24 51 21 66 51 14
66 55 68 13 24 13
21 36 6 45 27 4
51 62 4 67 46 9
22 61 51 25 34 3
58 67 69 48 46 10
47 65 22 10 1 9
3 29 37 47 29 1
51 33 45 59 59 17
2 58 16 34 22 16
42 64 19 9 16 6
56 44 50 50 37 5
68 56 56 69 44 22
58 57 44 28 46 9
10 20 47 68 9 11
42 13 21 9 42 10
51 47 47 40 45 22
62 41 58 3 62 3
59 9 23 21 68 10
16 12 16 22 65 15
43 23 23 50 22 23
66 36 50 37 56 4
12 3 22 28 3 1
32 33 46 4 19 11
24 17 30 42 21 1
68 3 10 5 47 11
64 12 48 25 29 1
23 56 16 35 31 6
65 37 13 63 56 9
66 39 40 53 39 15
37 2 1 36 8 16
19 3 26 2 28 21
39 54 13 63 67 25
28 49 56 66 51 24
56 63 9 1 9 2
55 15 53 33 5 2
65 27 50 26 33 15
59 23 56 35 68 24
37 49 67 29 43 8
8 30 1 5 22 2
9 23 22 46 5 9
22 68 21 45 35 2
60 67 35 11 12 11
20 67 13 29 55 25
47 43 55 46 64 10
4 16 45 61 40 14
39 47 60 61 43 26
34 52 1 18 23 18
12 28 46 57 53 7
69 54 6 2 43 1
18 15 1 67 43 21
58 4 35 32 55 21
38 35 28 28 46 3
31 35 62 15 10 24
2 62 52 15 60 18
14 59 13 38 39 11
6 43 7 12 59 24
33 47 66 50 36 3
57 13 53 60 22 6
51 3 35 5 3 17
53 67 2 55 64 11
30 68 25 38 35 10
40 54 54 46 13 8
56 66 46 3 30 21
31 32 16 58 58 5
42 23 59 28 28 6
66 15 64 13 59 25
37 34 16 68 68 23
45 64 54 29 8 24
28 64 42 65 28 13
23 30 47 42 18 14
25 48 66 48 31 11
48 55 44 67 19 12
9 33 42 21 9 22
11 53 4 20 32 5
28 31 69 4 47 1
29 23 34 4 14 24
63 13 12 44 52 11
7 54 59 44 51 14
65 16 37 38 7 23
58 40 65 1 9 4
12 32 49 53 51 22
69 16 18 18 19 2
11 8 30 15 44 1
24 41 62 33 3 15
49 4 32 14 16 3
65 49 16 56 12 1
14 51 42 11 21 15
61 4 62 24 41 8
13 34 52 35 38 12
17 39 48 69 50 4
59 8 14 1 15 1
20 46 56 42 29 19
15 38 49 46 24 20
64 12 38 27 17 20
17 67 33 56 2 9
8 62 56 34 44 24
32 44 31 39 49 3
35 21 45 11 15 6
60 28 54 33 23 22
15 18 47 47 14 20
16 35 69 41 14 13
65 59 9 16 39 9
38 57 29 34 48 9
51 64 41 40 31 6
64 59 54 57 53 10
52 6 41 58 14 24
29 34 8 28 41 9
49 51 52 31 24 20
23 26 44 28 39 1
54 3 10 17 32 23
5 37 64 21 46 15
5 3 49 48 21 23
12 10 4 7 28 21
5 39 45 40 2 7
31 5 57 29 36 22
67 42 48 28 40 19
46 18 37 68 61 7
61 37 49 13 53 22
2 49 13 11 29 4
21 15 6 39 53 21
22 11 28 29 40 22
46 69 48 54 5 7
44 3 29 45 37 5
33 50 19 26 54 11
39 16 16 22 13 21
31 39 43 44 65 2
2 22 17 67 22 18
28 7 28 19 19 3
57 56 31 5 1 12
28 18 27 14 39 10
3 46 54 50 39 8
6 42 54 38 33 22
41 15 32 21 29 4
2 34 69 1 53 15
25 52 8 35 30 7
54 20 34 48 20 4
9 59 54 11 66 9
27 5 61 63 44 20
59 50 2 41 50 7
7 69 9 7 62 7
12 14 27 33 38 8
47 50 50 4 40 16
30 51 52 33 45 9
49 49 2 1 11 18
6 44 3 23 37 6
44 31 20 59 47 1
4 22 64 17 17 9
19 31 45 32 56 16
3 46 53 60 35 21
5 23 25 53 54 4
50 13 30 20 53 5
4 22 67 12 22 24
39 54 55 60 30 21
15 55 33 58 34 6
61 3 39 20 18 23
23 24 20 18 46 22
12 60 60 44 4 3
39 61 30 25 40 4
60 25 17 30 55 8
23 7 23 59 55 18
56 51 15 61 56 12
66 22 9 35 19 7
22 5 62 57 13 22
59 35 36 33 18 23
67 42 46 13 49 25
48 55 20 4 50 17
25 61 25 50 68 16
33 4 23 34 2 21
15 38 64 13 23 26
43 13 26 49 21 21
22 22 31 29 45 12
35 47 47 62 12 16
63 53 35 48 5 11
5 6 39 14 57 18
14 69 40 46 36 23
7 26 15 1 36 21
38 17 16 23 27 7
21 25 44 38 50 25
39 38 66 5 1 7
13 45 48 67 65 25
58 30 36 60 25 23
50 40 37 41 11 9
42 31 53 68 4 12
67 35 46 37 17 24
50 44 42 32 41 6
2 8 22 61 61 1
58 47 21 66 15 10
11 68 68 41 15 8
55 7 27 16 47 12
53 24 57 55 51 4
7 59 59 54 50 20
24 43 43 27 40 15
54 10 1 50 55 24
45 28 20 4 63 14
12 28 48 2 44 10
57 34 35 3 18 13
4 34 15 69 46 18
60 20 32 7 35 8
56 4 16 45 9 12
18 36 10 58 66 11
52 16 20 64 20 5
68 3 42 10 54 11
37 59 19 37 31 18
51 54 25 51 6 2
39 19 20 34 55 7
65 60 67 36 8 21
19 52 42 12 51 6
35 32 28 15 26 8
26 22 62 14 46 3
40 26 11 42 15 6
23 14 3 27 25 11
59 5 38 59 60 15
17 10 7 35 62 20
3 9 33 21 36 21
9 48 20 23 54 22
54 62 6 58 41 8
2 68 58 31 21 16
1 32 40 11 29 13
68 60 13 6 37 4
56 57 36 48 2 21
59 18 58 12 24 17
42 67 55 51 58 24
32 32 12 51 61 16
43 8 51 60 7 13
25 61 66 21 31 14
30 28 3 24 15 14
7 34 29 10 59 4
53 15 63 19 68 18
45 64 26 15 42 17
30 1 62 29 30 2
58 40 13 66 49 16
64 32 55 41 52 23
28 65 56 8 35 6
41 67 47 62 44 10
16 44 59 9 27 25
64 67 11 6 19 17
6 45 22 62 10 13
60 19 10 63 51 8
42 4 62 54 55 11
9 1 27 7 40 23
39 45 51 52 58 24
32 52 27 47 1 1
1 18 32 46 13 18
65 12 52 34 27 15
9 1 67 34 11 15
6 45 64 62 68 18
57 55 40 68 65 11
57 60 68 68 1 22
9 32 49 49 22 26
3 58 11 51 43 2
23 15 44 37 20 19
45 7 48 40 42 16
1 32 36 40 10 4
64 56 55 5 28 10
63 32 30 21 6 24
64 56 31 64 18 10
41 7 30 26 41 13
45 63 59 19 15 22
37 47 7 66 38 18
61 43 63 14 45 26
14 48 62 4 64 16
7 5 12 29 50 12
57 43 31 14 66 19
27 2 46 12 52 22
45 17 59 17 41 25
64 57 42 28 51 12
65 37 31 16 29 17
58 62 30 57 37 24
52 25 3 23 39 4
3 42 33 21 10 6
30 36 30 61 46 2
57 2 11 49 19 21
43 13 1 20 7 17
2 4 68 32 18 10
45 22 14 62 43 22
15 6 24 2 29 22
2 68 23 13 24 23
18 45 5 1 58 11
22 45 18 5 21 14
53 22 27 47 13 26
15 26 8 60 43 6
27 48 15 24 2 18
32 64 3 18 62 26
2 61 15 8 69 8
24 35 27 68 23 4
42 57 17 15 11 4
69 49 17 26 45 20
1 59 34 59 21 5
10 10 22 4 68 25
45 23 40 14 3 17
68 37 48 41 46 8
43 65 1 23 26 6
10 41 39 26 63 14
40 22 31 28 20 21
61 11 7 54 57 20
23 55 39 63 10 13
10 14 33 7 13 3
47 46 1 42 65 14
60 49 31 20 11 19
64 41 58 9 39 3
43 17 54 27 23 17
52 62 35 30 57 20
53 45 45 42 59 26
15 60 58 25 65 5
2 27 7 52 8 26
36 65 25 63 15 4
34 16 9 39 12 1
3 43 35 6 23 16
27 42 17 51 51 15
23 60 16 68 56 18
44 12 12 44 52 4
60 20 26 38 53 8
23 4 53 14 67 25
45 54 11 29 23 26
1 25 38 52 32 15
13 50 25 20 61 22
14 68 20 45 3 1
4 52 58 43 23 9
24 7 23 31 6 4
22 31 66 64 11 4
3 69 37 67 23 5
32 38 64 13 30 13
61 18 60 13 66 7
32 58 53 32 68 26
29 31 67 66 35 12
48 12 7 22 58 4
65 37 24 8 11 25
16 53 6 66 57 11
12 69 1 36 33 22
52 54 9 6 21 3
39 43 57 16 65 13
5 15 54 43 20 22
36 52 56 28 59 12
26 9 18 32 65 8
16 45 15 19 4 18
27 45 14 62 1 9
21 29 65 11 61 22
49 10 4 58 1 2
25 65 17 37 38 23
58 69 46 24 10 9
57 10 21 30 30 8
30 57 39 68 43 20
35 63 21 3 32 15
6 28 48 10 4 10
22 40 67 63 25 18
48 30 19 8 67 4
51 69 6 14 29 1
48 6 57 21 38 2
21 12 62 65 17 26
65 11 43 37 25 11
30 55 39 57 66 18
46 3 49 4 25 17
12 1 28 60 3 6
39 5 33 36 28 20
25 52 66 54 29 9
20 14 9 57 33 5
10 39 28 11 57 4
48 22 3 26 41 1
22 28 26 47 46 10
13 9 66 61 1 14
67 43 55 19 34 14
31 50 2 33 9 9
41 2 8 8 21 19
48 35 38 15 48 13
55 51 24 62 7 23
46 68 26 29 47 2
26 28 1 27 49 6
10 27 65 48 32 20
2 38 46 30 54 11
69 4 56 67 9 9
24 21 42 22 68 3
5 39 36 17 20 24
10 27 48 66 32 12
2 38 7 21 18 2
28 13 21 35 25 20
55 60 8 53 24 9
55 50 20 65 37 14
56 60 4 50 2 18
22 52 25 23 30 21
21 39 49 31 59 25
14 36 14 48 56 13
17 21 22 40 16 7
55 13 39 1 12 21
5 35 68 40 66 6
47 43 31 21 5 4
3 17 40 63 31 6
36 60 31 58 45 21
49 11 65 58 30 15
39 2 65 68 31 19
68 40 11 57 47 23
20 18 54 37 16 13
55 22 31 68 17 4
7 15 7 32 30 19
68 14 60 34 63 14
14 60 25 24 13 20
42 47 11 63 60 23
57 37 47 43 58 9
29 30 8 29 17 13
48 24 30 28 64 20
41 8 57 41 43 15
67 53 61 18 68 13
27 22 13 13 18 24
2 36 25 57 37 1
52 53 59 36 26 1
6 63 40 50 2 13
42 57 29 52 28 1
59 15 19 20 11 22
19 12 67 33 62 13
18 33 38 69 12 15
20 45 20 15 63 10
58 62 36 1 24 25
54 68 19 22 16 2
67 4 57 33 7 3
39 65 19 6 36 13
40 35 31 31 39 26
34 19 24 64 21 6
38 45 31 41 56 20
11 15 54 44 14 11
68 68 49 47 9 7
13 49 34 33 30 5
2 59 44 21 36 21
40 9 40 61 15 21
24 22 50 8 57 22
15 31 66 54 21 17
63 18 19 45 11 5
27 37 63 25 9 26
20 4 43 17 67 9
59 53 22 23 24 7
60 30 32 54 67 6
61 4 48 23 59 5
21 50 41 57 50 25
29 62 58 68 57 15
11 10 33 31 1 6
68 66 38 47 57 5
3 31 36 46 19 24
1 19 10 23 46 25
69 15 34 44 39 5
64 54 65 35 2 3
53 49 17 39 67 15
42 64 48 44 1 23
62 5 21 16 36 26
9 69 15 20 48 5
60 30 60 60 64 19
12 34 18 10 52 22
3 27 40 12 69 7
6 21 31 45 18 6
33 24 5 63 20 10
44 54 45 51 19 19
3 34 29 56 27 13
37 60 53 63 1 23
17 36 28 55 60 20
64 28 44 24 37 23
62 46 3 25 18 23
32 2 52 51 5 25
33 1 27 16 12 1
57 6 55 28 25 17
45 68 64 68 69 7
20 1 6 37 39 23
60 55 23 5 11 12
18 36 24 50 56 2
40 28 67 16 59 4
20 54 56 10 23 17
22 68 47 45 47 22
38 53 18 57 41 12
45 24 48 37 37 23
58 3 13 68 62 23
58 28 55 63 39 14
40 39 16 60 45 2
9 19 8 38 38 22
32 46 40 16 61 2
59 61 21 13 21 17
18 55 59 55 52 12
60 10 21 41 10 23
58 42 30 12 66 5
48 30 63 46 24 3
61 43 43 68 52 1
62 42 62 19 27 7
25 19 58 17 55 4
50 62 20 41 57 8
44 9 37 69 50 13
28 48 42 26 18 3
69 11 13 58 48 22
41 13 65 12 43 26
59 37 20 61 22 26
39 56 6 27 32 18
48 28 59 37 44 17
54 47 37 2 10 18
34 30 58 38 8 18
46 67 46 19 5 19
45 9 50 67 64 15
66 3 48 60 61 12
52 45 23 69 5 25
36 32 53 26 19 9
4 43 48 32 25 26
1 47 9 30 32 6
65 39 24 8 59 17
66 23 25 36 49 9
3 11 8 54 22 6
54 52 1 36 10 19
28 69 24 15 57 1
20 34 62 23 50 23
31 62 55 21 59 15
64 36 43 27 57 15
31 45 19 20 57 20
65 25 1 3 60 20
46 22 58 20 20 4
13 61 41 27 33 23
38 56 55 6 22 22
30 8 39 56 55 5
20 37 5 41 19 6
6 43 32 10 49 9
6 6 58 18 42 20
62 38 67 67 10 21
40 55 35 16 44 7
42 61 28 37 56 23
18 45 54 67 58 1
58 35 41 43 7 23
23 26 21 27 6 24
15 32 52 27 47 16
13 35 20 6 33 8
28 22 39 14 35 9
3 19 31 13 28 20
32 6 17 6 32 16
55 50 37 13 49 10
51 12 6 7 8 14
21 52 15 68 30 2
52 6 67 50 36 25
16 23 37 45 68 24
17 3 26 42 20 22
65 51 28 47 37 16
4 52 20 15 21 13
3 45 19 10 25 7
9 28 39 40 63 26
36 9 36 69 26 16
44 31 15 2 12 12
67 13 63 43 1 11
36 49 20 68 46 21
69 7 35 10 56 18
60 63 44 18 55 23
37 10 20 7 31 11
59 54 29 53 63 10
55 66 4 57 46 22
44 60 46 46 47 17
11 1 69 46 39 19
44 11 17 31 9 13
50 42 27 20 50 8
26 32 12 21 51 10
18 29 7 47 62 6
17 51 4 14 38 9
18 18 10 14 38 12
32 66 48 12 24 13
59 34 14 31 66 25
55 57 3 8 18 11
67 60 41 69 22 26
11 59 3 13 29 8
11 63 53 45 61 12
8 57 19 64 4 6
65 68 10 51 61 10
59 12 5 22 53 16
59 34 21 29 13 6
66 17 53 7 27 8
11 23 52 25 1 6
31 36 8 14 1 3
33 29 69 61 37 14
27 33 11 45 16 10
64 10 65 54 6 26
1 52 14 66 41 18
49 2 12 33 21 11
25 41 29 24 18 18
34 52 5 19 21 24
45 20 67 61 4 15
4 39 49 20 13 13
64 7 28 59 30 10
51 40 17 11 50 20
42 4 38 44 18 2
58 54 22 54 3 14
18 14 2 42 68 11
39 52 42 11 38 7
57 2 59 19 64 16
46 19 69 24 17 11
67 43 36 39 37 9
58 38 10 69 55 6
36 5 29 48 41 3
66 18 65 11 10 20
4 65 64 59 38 26
30 12 43 5 18 16
14 34 45 54 22 24
58 6 10 23 44 6
33 15 53 53 22 16
21 42 43 35 4 17
27 51 19 13 1 16
26 26 21 55 32 12
39 49 34 58 63 20
23 36 66 35 6 26
61 37 48 19 31 24
59 36 55 53 16 12
15 67 2 8 8 12
33 2 58 51 69 15
28 33 33 7 36 16
13 19 34 27 6 1
39 7 17 1 25 11
49 63 26 30 31 17
48 3 6 49 1 24
13 7 14 32 52 2
61 34 63 4 1 6
35 48 23 42 32 21
14 20 18 10 51 21
28 30 35 8 7 8
20 58 39 21 36 2
25 33 65 53 65 26
14 38 59 7 8 5
13 68 34 10 10 23
69 42 59 14 18 4
30 35 23 30 58 4
39 48 44 30 10 26
20 19 23 25 62 19
63 32 28 1 41 26
47 8 2 65 59 16
68 18 3 46 49 14
54 27 29 19 66 13
22 16 39 15 45 26
32 63 14 47 9 17
3 44 33 30 6 9
16 8 59 62 29 24
10 12 8 50 5 2
67 69 14 67 33 18
4 12 52 61 62 25
38 66 14 3 30 12
23 69 26 63 59 5
49 30 33 12 24 21
33 48 9 13 16 11
34 11 69 45 18 11
47 21 28 27 24 10
19 64 26 36 18 22
3 59 52 9 9 21
57 5 29 24 16 26
7 53 3 9 42 24
31 49 34 27 20 20
24 15 43 8 32 2
28 1 38 41 57 23
43 5 52 4 47 15
27 29 46 24 51 26
29 3 53 51 60 8
9 34 16 49 27 11
46 27 69 56 23 23
60 7 32 41 48 3
59 67 38 45 68 14
49 47 3 5 38 6
10 37 21 51 62 24
45 35 2 53 11 19
46 48 63 35 22 6
7 53 17 5 11 10
3 45 54 68 4 12
